2147483646020 10000
2411624134483 10001
2675764623013 10002
2939905111407 10003
3204045599880 10004
3468186088337 10005
3732326576776 10006
3996467065213 10007
4260607553697 10008
4524748042298 10009
4788888530703 10010
5053029019136 10011
5317169507529 10012
5581309996012 10013
5845450484415 10014
6109590972879 10015
6373731461364 10016
6637871949987 10017
6902012438325 10018
7166152926710 10019
7430293415281 10020
7694433903756 10021
7958574392110 10022
8222714880582 10023
8486855368996 10024
8750995857510 10025
9015136345996 10026
9279276834444 10027
9543417322870 10028
9807557811342 10029
10071698299803 10030
10335838788237 10031
10599979276810 10032
10864119765165 10033
11128260253584 10034
11392400742085 10035
11656541230546 10036
11920681718977 10037
12184822207445 10038
12448962695950 10039
12713103184357 10040
12977243672849 10041
13241384161295 10042
13505524649735 10043
13769665138158 10044
14033805626635 10045
14297946115097 10046
14562086603547 10047
14826227091985 10048
